docs/data/U1.asc
ncols        57
nrows        31
xllcorner    314.375000000000
yllcorner    41.500000000000
dx           1.250000000000
dy           1.000000000000
NODATA_value  9999
[rows 0 to 20 of 31, columns 0 to 47 of 57]
9999.0 9999 9999 9999 9999 9999 9999 9999 9999 9999 9999 9999 9999 9999 9999 9999 9999 9999 -0.21998779296875001221 -0.039987792968749998057 1.1300122070312499378 2.0400122070312498579 2.9400122070312502132 3.6100122070312501421 4.1000122070312503553 4.1000122070312503553 4.3300122070312498934 4.5900122070312496803 4.6100122070312501421 4.4100122070312499645 4.1300122070312497158 3.7700122070312498401 3.4900122070312500355 3.3300122070312498934 2.7700122070312498401 1.7700122070312500622 0.90001220703124995559 -0.45998779296874997558 -1.7199877929687499289 -2.5599877929687497868 -3.3899877929687498579 -4.1699877929687501066 -4.8799877929687500711 -5.6199877929687502842 -6.3599877929687496092 -7.0899877929687500355 -7.6899877929687496803 -8.3399877929687491473
9999 9999 9999 9999 9999 9999 9999 9999 9999 9999 9999 9999 9999 9999 9999 9999 9999 9999 9999 0.76001220703125005329 2.0500122070312500888 2.8000122070312500888 3.0100122070312500533 3.1800122070312499822 3.1100122070312501421 3.1100122070312501421 3.1800122070312499822 3.0800122070312498934 2.8300122070312498934 2.5200122070312498401 2.1700122070312501954 1.7700122070312500622 1.0600122070312500977 0.010012207031249999514 -1.1199877929687500622 -1.9499877929687499112 -2.5599877929687497868 -3.3399877929687500355 -4.0199877929687497513 -4.6899877929687496803 -5.4299877929687498934 -5.9999877929687501776 -6.4999877929687501776 -7.0999877929687498224 -7.6799877929687498934 -8.0699877929687495737 -8.0799877929687493605 -7.9499877929687503553
9999 9999 9999 9999 9999 9999 9999 9999 9999 9999 9999 9999 9999 9999 9999 9999 9999 9999 2.2900122070312498579 2.6000122070312499112 2.8400122070312501243 2.4300122070312499822 2.0600122070312498757 1.6800122070312499822 1.3600122070312499201 0.97001220703125001776 0.64001220703124994671 0.34001220703125001332 1.2207031250000000678e-05 -0.25998779296875001998 -0.6999877929687500222 -1.3099877929687500089 -2.2099877929687501421 -2.9999877929687501776 -3.4299877929687498934 -3.79998779296875 -4.2299877929687497158 -4.5099877929687499645 -4.9099877929687503197 -5.2299877929687497158 -5.4599877929687501421 -5.8899877929687498579 -6.5399877929687502132 -6.9299877929687498934 -6.9299877929687498934 -6.54998779296875 -5.7299877929687497158 -4.2799877929687504263
9999 9999 9999 9999 9999 9999 9999 9999 9999 9999 9999 9999 9999 9999 9999 9999 1.6200122070312499289 1.5100122070312500533 1.5600122070312500977 1.3500122070312499112 0.86001220703125003109 0.3500122070312500222 -0.07998779296874999889 -0.46998779296874998446 -0.77998779296874998224 -1.0999877929687500444 -1.4399877929687499023 -1.6299877929687500711 -1.8699877929687500622 -2.0999877929687498224 -2.3499877929687498224 -2.7899877929687502132 -3.3699877929687498401 -3.7199877929687499289 -4.3599877929687496092 -4.5399877929687502132 -4.6299877929687500711 -4.5799877929687502487 -4.5799877929687502487 -4.3799877929687500711 -4.1799877929687498934 -4.6199877929687502842 -5.0199877929687497513 -4.7199877929687499289 -3.9399877929687501243 -2.9399877929687501243 -1.4899877929687499467 -0.36998779296875000666
9999 9999 9999 9999 9999 9999 9999 9999 9999 9999 9999 1.0200122070312500622 1.4200122070312499734 1.1100122070312499201 0.50001220703125004441 0.2500122070312499889 -0.19998779296874999445 -1.1799877929687498934 -1.9999877929687499556 -2.4499877929687499112 -2.7399877929687499467 -2.9699877929687499289 -3.0899877929687500355 -3.2499877929687501776 -2.9999877929687501776 -2.6999877929687499112 -2.7299877929687501599 -2.5399877929687502132 -2.4899877929687499467 -2.6599877929687498757 -2.8299877929687498046 -3.0399877929687502132 -3.3999877929687500888 -3.9799877929687501599 -4.3999877929687496447 -4.3199877929687495737 -4.2599877929687499645 -4.2099877929687501421 -4.0299877929687504263 -3.5599877929687497868 -3.1599877929687498757 -3.1599877929687498757 -3.2799877929687499822 -2.8099877929687497868 -1.8899877929687500799 -0.31998779296875001776 1.7300122070312500266 2.0400122070312498579
9999 9999 9999 9999 9999 9999 9999 9999 9999 0.41001220703125001998 0.2500122070312499889 0.010012207031249999514 -0.75998779296874996447 -1.5899877929687500355 -2.3999877929687500888 -3.0599877929687497868 -3.9399877929687501243 -4.6999877929687503553 -4.6799877929687498934 -4.9599877929687501421 -5.6199877929687502842 -6.1899877929687496803 -5.79998779296875 -5.1999877929687503553 -4.2799877929687504263 -3.7899877929687502132 -3.3399877929687500355 -3.0999877929687498224 -2.8899877929687498579 -2.6999877929687499112 -2.7199877929687499289 -3.1599877929687498757 -3.6699877929687501066 -4.0799877929687502487 -4.0899877929687500355 -4.3199877929687495737 -4.4899877929687503908 -4.1899877929687496803 -3.9099877929687498757 -3.4399877929687501243 -2.9299877929687498934 -2.8299877929687498046 -2.9899877929687499467 -2.8799877929687500711 -1.4199877929687501066 0.4000122070312500111 1.7800122070312500711 1.9800122070312500266
9999 9999 9999 9999 9999 9999 9999 9999 -0.66998779296874999556 -0.91998779296874999556 -1.6199877929687500622 -2.3299877929687498046 -3.2499877929687501776 -3.6799877929687498934 -3.6399877929687498579 -3.3699877929687498401 -2.9199877929687501066 -2.5899877929687500355 9999 -3.0799877929687498046 -3.7699877929687501954 9999 9999 9999 9999 -3.0199877929687501954 -2.7199877929687499289 -2.7799877929687499822 -2.7199877929687499289 -3.04998779296875 -2.79998779296875 -3.0799877929687498046 -3.8099877929687497868 -4.1599877929687503197 -4.4499877929687503553 -4.8199877929687495737 -4.7699877929687497513 -4.6999877929687503553 -4.4799877929687497158 -4.0299877929687504263 -3.1599877929687498757 -2.5899877929687500355 -0.16998779296874999556 3.2500122070312498224 4.9000122070312501776 4.8400122070312496803 3.9200122070312501954 9999
9999 9999 9999 9999 0.10001220703124999445 -0.04998779296875 -0.14998779296875000555 -0.45998779296874997558 -1.1499877929687500888 -2.2399877929687499467 -2.5099877929687499645 -2.8399877929687500355 -3.3499877929687498224 -3.1499877929687500888 -2.4399877929687501243 -1.6599877929687500977 -0.88998779296874996891 -0.4499877929687500222 9999 9999 9999 9999 9999 9999 9999 9999 -1.9099877929687500977 -2.5099877929687499645 -2.6599877929687498757 -3.29998779296875 -3.04998779296875 -3.2199877929687499289 -3.8399877929687500355 -4.3699877929687502842 -4.8499877929687498224 -5.0099877929687499645 -4.8099877929687497868 -4.9799877929687497158 -4.5899877929687500355 -3.1199877929687498401 -1.1599877929687500977 0.91001220703124996447 5.4400122070312502132 8.2700122070312502842 7.8000122070312496447 6.7800122070312500711 9999 9999
9999 9999 9999 9999 0.21001220703125000888 -0.26998779296874997335 -0.51998779296874997335 -1.3499877929687500444 -1.7299877929687499378 -2.0699877929687500178 -2.0299877929687499822 -1.8099877929687500089 -1.4099877929687500977 -2.0799877929687498046 -1.7299877929687499378 -1.2199877929687499289 -0.98998779296874994671 -0.19998779296874999445 1.2400122070312500355 9999 9999 9999 9999 9999 -4.0999877929687498224 -3.4899877929687499467 -3.04998779296875 -3.2299877929687501599 -3.1699877929687501066 -3.79998779296875 -3.7599877929687499645 -3.8699877929687498401 -3.6399877929687498579 -3.9299877929687498934 -4.4799877929687497158 -4.4999877929687501776 -3.54998779296875 -0.98998779296874994671 2.6000122070312499112 5.8400122070312496803 7.4600122070312497868 8.4100122070312508527 9.2700122070312502842 8.7200122070312495737 7.5000122070312498224 9999 9999 9999
9999 9999 9999 -1.0099877929687499645 -0.86998779296874995115 -1.4699877929687499289 -2.0599877929687497868 -2.5799877929687498046 -2.9199877929687501066 -2.8999877929687500888 -2.4399877929687501243 -1.7299877929687499378 -1.0399877929687499911 -0.97998779296875004885 -1.1999877929687499112 -1.0999877929687500444 -0.35998779296874999778 -0.32998779296875002665 -0.2499877929687500111 -0.25998779296875001998 -0.73998779296874994671 -2.3099877929687497868 -3.5999877929687498224 -5.3499877929687498224 -5.1499877929687496447 -4.8399877929687500355 -4.3299877929687502487 -3.9899877929687499467 -4.0599877929687497868 -4.4599877929687501421 -4.5599877929687497868 -4.0299877929687504263 -3.1599877929687498757 -1.7599877929687499645 -0.57998779296875002665 0.66001220703124996447 2.5800122070312498934 4.20001220703125 4.8100122070312503197 5.2300122070312502487 6.1000122070312503553 8.4900122070312491473 9.6000122070312503553 9999 9999 9999 9999 9999
9999 9999 9999 -1.29998779296875 -2.2699877929687501954 -2.79998779296875 -3.7399877929687499467 -3.9699877929687499289 -4.3299877929687502487 -4.2099877929687501421 -3.8699877929687498401 -3.1799877929687498934 -2.2199877929687499289 -1.5899877929687500355 -1.5399877929687499911 -1.8799877929687500711 -2.5099877929687499645 -3.1299877929687500711 -3.7299877929687501599 -4.6499877929687496447 -4.6499877929687496447 -4.5099877929687499645 -4.8799877929687500711 -4.9899877929687503908 -4.9199877929687501066 -4.9299877929687498934 -4.9199877929687501066 -4.9899877929687503908 -4.9899877929687503908 -4.5899877929687500355 -3.6399877929687498579 -3.4499877929687499112 -3.0699877929687500178 -2.1099877929687500533 -0.6499877929687499778 0.79001220703124996891 1.8800122070312499378 2.6000122070312499112 3.3700122070312499289 3.9300122070312499822 3.7100122070312497868 9999 9999 9999 9999 9999 9999 9999
9999 9999 -1.6299877929687500711 -2.1799877929687498934 -3.2899877929687502132 -3.7899877929687502132 -4.4999877929687501776 -4.6399877929687498579 -4.7499877929687501776 -4.6799877929687498934 -4.6399877929687498579 -4.4899877929687503908 -4.29998779296875 -4.1899877929687496803 -4.3599877929687496092 -4.8899877929687498579 -5.5599877929687497868 -5.8199877929687495737 -6.1099877929687496092 -6.3199877929687495737 -5.5399877929687502132 -5.2399877929687503908 -5.0299877929687504263 -4.7499877929687501776 -4.5199877929687497513 -4.5099877929687499645 -4.6699877929687501066 -4.7599877929687499645 -4.5099877929687499645 -4.5099877929687499645 -4.4699877929687499289 -4.2399877929687503908 -4.2699877929687497513 -3.7599877929687499645 -1.7099877929687499201 0.090012207031249999445 1.3800122070312499378 2.0400122070312498579 2.7100122070312497868 3.2800122070312500711 1.7700122070312500622 9999 9999 9999 9999 9999 9999 9999
0.57001220703124999556 -3.5199877929687501954 -1.9799877929687499378 -3.5899877929687500355 -3.8899877929687498579 -4.0999877929687498224 -4.6699877929687501066 -4.9899877929687503908 -5.6099877929687496092 -6.1299877929687500711 -6.4999877929687501776 -6.8399877929687500355 -6.8999877929687496447 -6.8699877929687502842 -6.9699877929687499289 -7.1799877929687498934 -7.4999877929687501776 -7.2499877929687501776 -7.0999877929687498224 -6.5899877929687500355 -5.9399877929687496803 -5.7099877929687501421 -5.6999877929687503553 -5.3699877929687502842 -4.9699877929687499289 -4.8399877929687500355 -4.3499877929687498224 -3.9399877929687501243 -3.9699877929687499289 -4.4199877929687501066 -4.4899877929687503908 -3.04998779296875 -1.0199877929687499734 0.3000122070312499778 1.0600122070312500977 1.0900122070312499023 0.82001220703124999556 1.0100122070312500533 1.6100122070312499201 2.0100122070312500533 0.72001220703125001776 9999 9999 9999 9999 9999 9999 9999
-2.1499877929687500888 -4.1399877929687498579 -3.3199877929687500178 -3.9999877929687501776 -4.04998779296875 -4.6799877929687498934 -5.29998779296875 -6.0599877929687497868 -7.1499877929687496447 -7.6899877929687496803 -7.6599877929687503197 -7.8899877929687498579 -7.9299877929687498934 -7.79998779296875 -7.6199877929687502842 -7.6399877929687498579 -7.7199877929687499289 -7.2199877929687499289 -6.9599877929687501421 -6.4099877929687503197 -5.7499877929687501776 -5.0099877929687499645 -4.7699877929687497513 -4.7199877929687499289 -4.4299877929687498934 -4.3199877929687495737 -4.0899877929687500355 -4.0699877929687495737 -4.3499877929687498224 -3.6299877929687500711 -1.3799877929687500711 0.13001220703124999334 0.79001220703124996891 -0.6999877929687500222 -0.65998779296874998668 1.2207031250000000678e-05 0.83001220703125000444 0.75001220703125004441 0.81001220703124998668 0.63001220703125004885 -0.029987792968749999584 9999 9999 9999 9999 9999 9999 9999
-3.7199877929687499289 -3.7899877929687502132 -3.6399877929687498579 -3.9599877929687501421 -4.8599877929687496092 -5.8399877929687500355 -6.7399877929687503908 -7.6199877929687502842 -8.6099877929687504974 -9.1799877929687507816 -9.4299877929687507816 -9.5299877929687504263 -9.1999877929687503553 -8.3699877929687502842 -7.29998779296875 -6.8699877929687502842 -6.7499877929687501776 -6.7799877929687504263 -6.6599877929687503197 -6.3199877929687495737 -5.7599877929687499645 -4.8599877929687496092 -3.7399877929687499467 -3.2899877929687502132 -3.1499877929687500888 -3.0199877929687501954 -3.1299877929687500711 -2.9799877929687501599 -1.7299877929687499378 -0.66998779296874999556 -0.16998779296874999556 -0.20998779296875000333 9999 9999 -1.0999877929687500444 -0.069987792968750003886 1.5300122070312500711 1.6500122070312499556 1.3300122070312498934 0.67001220703124997335 0.090012207031249999445 0.58001220703125000444 1.3400122070312499023 1.9800122070312500266 9999 9999 9999 9999
-3.8599877929687500533 -3.8599877929687500533 -3.8899877929687498579 -4.5699877929687495737 -5.7099877929687501421 -7.1399877929687498579 -8.1999877929687503553 -9.1299877929687500711 -9.8099877929687497868 -10.229987792968749716 -10.479987792968749716 -10.509987792968750853 -10.329987792968749361 -9.9799877929687497158 -9.2299877929687497158 -8.3699877929687502842 -7.5099877929687499645 -6.8799877929687500711 -6.4999877929687501776 -6.0399877929687502132 -5.5299877929687504263 -4.9299877929687498934 -4.2299877929687497158 -3.3699877929687498401 -2.0699877929687500178 -0.93998779296875001332 -0.01998779296875000111 1.2300122070312500266 2.5400122070312498579 3.0400122070312498579 1.9200122070312499734 9999 9999 9999 9999 1.4000122070312499556 2.6800122070312499822 3.1000122070312499112 2.8800122070312501599 2.6300122070312501599 1.6500122070312499556 1.2100122070312500089 0.97001220703125001776 1.3100122070312500977 9999 9999 9999 9999
-3.4499877929687499112 -3.4699877929687499289 -4.0899877929687500355 -4.4699877929687499289 -6.1299877929687500711 -8.0699877929687495737 -9.4599877929687501421 -11.099987792968750711 -12.169987792968749218 -12.859987792968750497 -12.989987792968749503 -12.639987792968749858 -12.019987792968750639 -11.279987792968750426 -10.579987792968749361 -9.8999877929687496447 -9.1799877929687507816 -8.2199877929687499289 -7.1099877929687496092 -6.1899877929687496803 -5.3199877929687495737 -4.8299877929687502487 -4.1599877929687503197 -3.0599877929687497868 -1.4699877929687499289 0.65001220703124995559 2.8100122070312498757 4.5900122070312496803 5.2800122070312500711 5.8600122070312501421 5.70001220703125 9999 9999 9999 9999 1.20001220703125 3.2800122070312500711 4.1700122070312497513 4.3700122070312499289 4.1100122070312501421 2.9800122070312498046 1.1200122070312499289 0.42001220703124997335 9999 9999 9999 9999 9999
-1.9599877929687499201 -2.9899877929687499467 -3.3999877929687500888 -3.6099877929687500533 -5.5799877929687502487 -8.0599877929687497868 -10.219987792968749929 -12.719987792968749929 -14.169987792968749218 -15.149987792968749645 -15.669987792968749218 -15.629987792968750071 -14.879987792968750071 -13.719987792968749929 -12.399987792968749645 -11.159987792968749432 -10.019987792968750639 -8.8299877929687493605 -7.6399877929687498579 -6.4299877929687498934 -5.2599877929687499645 -4.1199877929687502842 -2.8699877929687498401 -1.3299877929687500266 0.46001220703125000888 2.1600122070312499645 3.3400122070312501243 4.20001220703125 5.20001220703125 6.1400122070312503908 9999 9999 9999 9999 9999 2.5100122070312500533 2.5300122070312500711 4.0000122070312498224 4.7900122070312498579 5.0000122070312498224 3.9000122070312501776 2.3000122070312500888 1.1300122070312499378 9999 9999 9999 9999 9999
-0.4499877929687500222 -0.98998779296874994671 -1.5999877929687500444 -1.6099877929687500533 -3.4599877929687501421 -6.0699877929687495737 -7.9599877929687501421 -8.3299877929687493605 -8.6399877929687498579 -8.8699877929687502842 -8.9799877929687497158 -9.2099877929687501421 -10.409987792968749432 -12.709987792968750142 -13.999987792968749289 -13.269987792968750639 -11.819987792968749574 -10.089987792968749147 -8.5799877929687493605 -7.1499877929687496447 -5.6299877929687500711 -4.1299877929687500711 -2.5899877929687500355 -0.92998779296875000444 0.86001220703125003109 2.5700122070312501066 3.9100122070312499645 4.9000122070312501776 5.45001220703125 9999 9999 9999 9999 9999 9999 9999 2.0000122070312498224 2.4100122070312499645 3.9400122070312502132 4.8500122070312503553 4.7800122070312500711 4.0600122070312503197 2.2700122070312498401 9999 9999 9999 9999 9999
1.6600122070312499645 2.1400122070312499467 1.3600122070312499201 1.2900122070312500799 0.42001220703124997335 -1.1899877929687499023 -1.6099877929687500533 -2.3199877929687500178 -5.7599877929687499645 -7.5299877929687504263 -6.0899877929687500355 -3.0199877929687501954 -0.71998779296875003997 -0.9499877929687500222 -3.7499877929687501776 -8.29998779296875 -11.769987792968750639 -11.849987792968750711 -10.429987792968750782 -8.5899877929687491473 -6.7099877929687501421 -5.0199877929687497513 -3.5299877929687499822 -1.8299877929687500266 -0.19998779296874999445 1.4000122070312499556 2.8100122070312498757 3.9800122070312498046 4.7700122070312502842 9999 9999 9999 9999 9999 9999 9999 9999 2.5400122070312498579 1.8600122070312499201 3.8300122070312498934 9999 9999 9999 9999 9999 9999 9999 9999
3.2200122070312500178 4.5400122070312498579 4.7500122070312498224 4.9200122070312497513 5.7500122070312498224 4.9700122070312495737 3.4900122070312500355 1.9600122070312500089 -2.1099877929687500533 -4.0299877929687504263 -3.3099877929687497868 -1.4099877929687500977 1.1400122070312499467 2.9700122070312500178 4.5500122070312496447 4.1900122070312502132 -0.43998779296875001332 -6.8399877929687500355 -10.079987792968749361 -9.8399877929687491473 -7.8999877929687496447 -5.8599877929687496092 -3.9499877929687499112 -2.3599877929687500533 -1.1599877929687500977 0.1500122070312500111 1.8900122070312499467 3.2500122070312498224 9999 9999 5.6200122070312499289 5.1600122070312499645 5.5700122070312501066 9999 9999 9999 9999 9999 1.9900122070312500355 3.4400122070312502132 9999 9999 9999 9999 9999 9999 9999 9999
