docs/data/V1.asc
ncols        57
nrows        31
xllcorner    314.375000000000
yllcorner    41.500000000000
dx           1.250000000000
dy           1.000000000000
NODATA_value  9999
[rows 0 to 20 of 31, columns 0 to 48 of 57]
9999.0 9999 9999 9999 9999 9999 9999 9999 9999 9999 9999 9999 9999 9999 9999 9999 9999 9999 -1.6999999999999999556 -0.4000000000000000222 2.0400000000000000355 4.0099999999999997868 4.7199999999999997513 4.5300000000000002487 3.8100000000000000533 2.8900000000000001243 2.0800000000000000711 1.0300000000000000266 -0.089999999999999996669 -0.94999999999999995559 -1.4499999999999999556 -1.6000000000000000888 -1.3600000000000000977 -1.1000000000000000888 -1.0200000000000000178 -1.4199999999999999289 -2.4599999999999999645 -3.5400000000000000355 -4.6500000000000003553 -5.4699999999999997513 -5.7699999999999995737 -5.9000000000000003553 -5.8799999999999998934 -5.7900000000000000355 -5.7699999999999995737 -5.8099999999999996092 -5.7900000000000000355 -5.5400000000000000355 -5.0800000000000000711
9999 9999 9999 9999 9999 9999 9999 9999 9999 9999 9999 9999 9999 9999 9999 9999 9999 9999 9999 2.0099999999999997868 4.8600000000000003197 5.25 4.7900000000000000355 4.1500000000000003553 3.5 2.7999999999999998224 1.7700000000000000178 0.44000000000000000222 -0.8499999999999999778 -1.6200000000000001066 -1.9499999999999999556 -2.4399999999999999467 -2.8300000000000000711 -3.1899999999999999467 -3.8799999999999998934 -4.9800000000000004263 -5.8200000000000002842 -6.3600000000000003197 -6.7099999999999999645 -6.8899999999999996803 -7.0599999999999996092 -7.2300000000000004263 -7.3700000000000001066 -7.3700000000000001066 -7.3499999999999996447 -7.2000000000000001776 -6.6799999999999997158 -5.8799999999999998934 -4.8499999999999996447
9999 9999 9999 9999 9999 9999 9999 9999 9999 9999 9999 9999 9999 9999 9999 9999 9999 9999 2.6200000000000001066 3.8100000000000000533 4.0800000000000000711 3.5699999999999998401 3.1000000000000000888 2.75 2.4500000000000001776 1.75 0.56000000000000005329 -0.80000000000000004441 -2.0499999999999998224 -3.0299999999999998046 -3.6899999999999999467 -4.2900000000000000355 -4.8200000000000002842 -5.4000000000000003553 -6.0599999999999996092 -6.5400000000000000355 -6.9299999999999997158 -7.3499999999999996447 -7.6699999999999999289 -7.9900000000000002132 -8.3000000000000007105 -8.4499999999999992895 -8.2899999999999991473 -8.1199999999999992184 -7.6799999999999997158 -6.5499999999999998224 -4.7400000000000002132 -2.7000000000000001776 -1.1499999999999999112
9999 9999 9999 9999 9999 9999 9999 9999 9999 9999 9999 9999 9999 9999 9999 9999 2.2999999999999998224 1.7700000000000000178 2.0299999999999998046 1.8400000000000000799 1.9899999999999999911 1.9899999999999999911 1.9099999999999999201 1.6200000000000001066 1.0200000000000000178 0.11000000000000000056 -1.2099999999999999645 -2.5600000000000000533 -3.7000000000000001776 -4.5099999999999997868 -4.7699999999999995737 -5.0999999999999996447 -5.7099999999999999645 -6.0199999999999995737 -6.2900000000000000355 -6.8499999999999996447 -7.2999999999999998224 -7.8099999999999996092 -8.1899999999999995026 -8.6400000000000005684 -8.9600000000000008527 -8.5800000000000000711 -7.8799999999999998934 -7.3700000000000001066 -5.8600000000000003197 -2.7400000000000002132 0.81000000000000005329 2.8700000000000001066 2.0499999999999998224
9999 9999 9999 9999 9999 9999 9999 9999 9999 9999 9999 0.8499999999999999778 0.52000000000000001776 0.46000000000000001998 0.14000000000000001332 0.26000000000000000888 -0.020000000000000000416 -0.14999999999999999445 0.5 0.9000000000000000222 1.1200000000000001066 1.1599999999999999201 0.94999999999999995559 0.53000000000000002665 -0.46000000000000001998 -1.6000000000000000888 -2.8100000000000000533 -4.0899999999999998579 -4.7800000000000002487 -4.9299999999999997158 -5.0599999999999996092 -5.2900000000000000355 -5.3899999999999996803 -5.7000000000000001776 -6.3499999999999996447 -7.0599999999999996092 -7.4100000000000001421 -7.8499999999999996447 -8.3100000000000004974 -8.6999999999999992895 -8.75 -7.9400000000000003908 -6.8099999999999996092 -5.7400000000000002132 -3.2700000000000000178 1.5400000000000000355 4.9900000000000002132 5 4.4100000000000001421
9999 9999 9999 9999 9999 9999 9999 9999 9999 2.0699999999999998401 1.8899999999999999023 0.40999999999999997558 -0.55000000000000004441 -1.5 -2.3399999999999998579 -2.7000000000000001776 -2.0099999999999997868 -1.0300000000000000266 -0.47999999999999998224 -0.60999999999999998668 -0.36999999999999999556 -0.05999999999999999778 -0.070000000000000006661 0.05999999999999999778 -0.78000000000000002665 -2.3700000000000001066 -3.7900000000000000355 -4.5800000000000000711 -4.7199999999999997513 -4.8600000000000003197 -5.0499999999999998224 -5.0099999999999997868 -5.25 -6.1100000000000003197 -6.7000000000000001776 -6.8899999999999996803 -7.2900000000000000355 -7.8200000000000002842 -8.0600000000000004974 -8.1999999999999992895 -7.9199999999999999289 -7.2900000000000000355 -6.9000000000000003553 -5.0999999999999996447 1.6299999999999998934 6.4599999999999999645 8.8399999999999998579 5.3899999999999996803 9999
9999 9999 9999 9999 9999 9999 9999 9999 0.81000000000000005329 0.56999999999999995115 -0.68999999999999994671 -1.8999999999999999112 -2.6499999999999999112 -3.4700000000000001954 -3.5800000000000000711 -2.3199999999999998401 -1.4799999999999999822 -0.92000000000000003997 9999 -1.6399999999999999023 -1.3300000000000000711 9999 9999 9999 9999 -2.4700000000000001954 -3.7799999999999998046 -4.1600000000000001421 -4.7599999999999997868 -5.0199999999999995737 -5.2800000000000002487 -5.1500000000000003553 -5.6799999999999997158 -6.3600000000000003197 -6.4400000000000003908 -6.7699999999999995737 -7.3600000000000003197 -7.5800000000000000711 -7.5899999999999998579 -7.4500000000000001776 -7.4100000000000001421 -6.5 -3.7700000000000000178 2.5699999999999998401 7.9800000000000004263 8.7300000000000004263 9.7200000000000006395 9999 9999
9999 9999 9999 9999 -1.1599999999999999201 0.66000000000000003109 0.70999999999999996447 0.58999999999999996891 -0.48999999999999999112 -1.1399999999999999023 -2.1400000000000001243 -2.8100000000000000533 -3.0400000000000000355 -3.4199999999999999289 -2.2200000000000001954 -0.56000000000000005329 0.23999999999999999112 0.81000000000000005329 9999 9999 9999 9999 9999 9999 9999 9999 -4.0899999999999998579 -4.5800000000000000711 -5.0499999999999998224 -4.7599999999999997868 -5.2699999999999995737 -5.4599999999999999645 -6.0099999999999997868 -6.25 -6.5499999999999998224 -7.2000000000000001776 -7.4599999999999999645 -7.4199999999999999289 -6.9800000000000004263 -5.4500000000000001776 -4.1500000000000003553 -1.6200000000000001066 3.6699999999999999289 7.6600000000000001421 7.8099999999999996092 8.5299999999999993605 9999 9999 9999
9999 9999 9999 9999 -0.61999999999999999556 0.16000000000000000333 -0.23999999999999999112 -0.51000000000000000888 -1.0200000000000000178 -1.6899999999999999467 -2.25 -2.6099999999999998757 -3.2900000000000000355 -2.2799999999999998046 -0.020000000000000000416 -0.48999999999999999112 1.1200000000000001066 3.0899999999999998579 2.2200000000000001954 9999 9999 9999 9999 9999 -3.1400000000000001243 -5.2599999999999997868 -5.5999999999999996447 -5.3200000000000002842 -4.9000000000000003553 -5.0599999999999996092 -5.7400000000000002132 -5.7599999999999997868 -6.0899999999999998579 -6.8799999999999998934 -7.1699999999999999289 -7.2900000000000000355 -5.8300000000000000711 -2.2099999999999999645 2.0400000000000000355 5.4100000000000001421 6.5700000000000002842 6.7800000000000002487 5.9299999999999997158 5.8600000000000003197 6.4599999999999999645 9999 9999 9999 9999
9999 9999 9999 -0.050000000000000002776 -0.77000000000000001776 -0.41999999999999998446 -1.0700000000000000622 -1.7099999999999999645 -2.2000000000000001776 -2.5 -2.7400000000000002132 -2.9900000000000002132 -3.25 -2.0299999999999998046 -0.41999999999999998446 0.23000000000000000999 2.5400000000000000355 3.5200000000000000178 2.4700000000000001954 1.3999999999999999112 -0.4500000000000000111 -1.5 -1.1299999999999998934 -3.2700000000000000178 -4.9500000000000001776 -5.4699999999999997513 -5.4000000000000003553 -5.0199999999999995737 -4.8899999999999996803 -5.2000000000000001776 -5.5999999999999996447 -5.5800000000000000711 -5.9400000000000003908 -6.1600000000000001421 -5.0199999999999995737 -3.3599999999999998757 0.46000000000000001998 4.2000000000000001776 5.2699999999999995737 5.7099999999999999645 8.0700000000000002842 6.6699999999999999289 4.4699999999999997513 9999 9999 9999 9999 9999 9999
9999 9999 9999 -1.7600000000000000089 -2.3199999999999998401 -3.0400000000000000355 -3.2700000000000000178 -3.0800000000000000711 -2.6099999999999998757 -2.4700000000000001954 -2.5299999999999998046 -2.75 -2.5699999999999998401 -1.8899999999999999023 -0.70999999999999996447 0.98999999999999999112 2.1400000000000001243 1.8899999999999999023 0.9000000000000000222 -0.48999999999999999112 -2.3199999999999998401 -3 -2.9700000000000001954 -3.7099999999999999645 -4.1500000000000003553 -4.5499999999999998224 -4.7599999999999997868 -4.7599999999999997868 -4.8200000000000002842 -4.9400000000000003908 -4.5300000000000002487 -4.4599999999999999645 -4.2300000000000004263 -4.0599999999999996092 -2.9300000000000001599 -0.91000000000000003109 1.6200000000000001066 3.6000000000000000888 5.0199999999999995737 5.8899999999999996803 9.9100000000000001421 9999 9999 9999 9999 9999 9999 9999 9999
9999 9999 -3.8799999999999998934 -4.6399999999999996803 -5.2199999999999997513 -5.0700000000000002842 -3.8100000000000000533 -2.8999999999999999112 -2.3900000000000001243 -2.0499999999999998224 -1.9299999999999999378 -2.0600000000000000533 -2.1000000000000000888 -1.9199999999999999289 -1.2700000000000000178 -0.35999999999999998668 0.040000000000000000833 -0.11999999999999999556 -0.77000000000000001776 -2.0499999999999998224 -3 -2.8399999999999998579 -3.1499999999999999112 -3.5200000000000000178 -4.0400000000000000355 -4.4800000000000004263 -4.8499999999999996447 -4.8200000000000002842 -3.8500000000000000888 -3.9199999999999999289 -4.4100000000000001421 -4.4000000000000003553 -3.5400000000000000355 -2.0800000000000000711 0.25 2.0499999999999998224 4.2999999999999998224 5 5.7800000000000002487 7.1799999999999997158 9.9800000000000004263 9999 9999 9999 9999 9999 9999 9999 9999
1.5800000000000000711 -4.9800000000000004263 -6.2800000000000002487 -6.9599999999999999645 -6.5599999999999996092 -4.9400000000000003908 -3.8999999999999999112 -3.3599999999999998757 -3.1099999999999998757 -2.8199999999999998401 -2.7299999999999999822 -2.8100000000000000533 -2.8399999999999998579 -2.7599999999999997868 -2.4399999999999999467 -1.7299999999999999822 -1.2399999999999999911 -1.1899999999999999467 -1.5200000000000000178 -2.1299999999999998934 -2.7200000000000001954 -3.1600000000000001421 -3.4599999999999999645 -3.6099999999999998757 -3.9700000000000001954 -4.5099999999999997868 -4.6100000000000003197 -4.1600000000000001421 -3.7799999999999998046 -4.5400000000000000355 -4.9199999999999999289 -2.6899999999999999467 0.77000000000000001776 2.6699999999999999289 3.8900000000000001243 4.3499999999999996447 4.9599999999999999645 5.4100000000000001421 6.5300000000000002487 7.6600000000000001421 8.0600000000000004974 9999 9999 9999 9999 9999 9999 9999 9999
-3.1200000000000001066 -7 -8.3100000000000004974 -7.5300000000000002487 -6.5 -5.5599999999999996092 -5.0300000000000002487 -4.4800000000000004263 -4.0199999999999995737 -3.4799999999999999822 -3.2799999999999998046 -3.1699999999999999289 -3.2400000000000002132 -3.5299999999999998046 -3.0800000000000000711 -1.7399999999999999911 -1 -0.83999999999999996891 -0.89000000000000001332 -1.3400000000000000799 -2.1299999999999998934 -2.8399999999999998579 -2.9900000000000002132 -2.7900000000000000355 -3.5099999999999997868 -4.0599999999999996092 -3.9100000000000001421 -4.2999999999999998224 -5.0400000000000000355 -4.0800000000000000711 -1.4399999999999999467 2.6099999999999998757 2.3500000000000000888 2.4599999999999999645 3.6400000000000001243 4.7400000000000002132 5.5099999999999997868 6.2800000000000002487 6.7400000000000002132 6.7199999999999997513 6.6799999999999997158 9999 9999 9999 9999 9999 9999 9999 9999
-7.4000000000000003553 -8.8000000000000007105 -8.5399999999999991473 -7.9400000000000003908 -7.4100000000000001421 -6.7300000000000004263 -5.9599999999999999645 -5.4500000000000001776 -5.0400000000000000355 -4.6900000000000003908 -4.0899999999999998579 -3.4799999999999999822 -3.0499999999999998224 -2.5699999999999998401 -1.7900000000000000355 -0.81000000000000005329 -0.11000000000000000056 0.14999999999999999445 -0.17999999999999999334 -0.55000000000000004441 -1.1499999999999999112 -1.6100000000000000977 -1.7600000000000000089 -1.6999999999999999556 -3.3700000000000001066 -3.8300000000000000711 -3.8900000000000001243 -4.6200000000000001066 -3.7799999999999998046 -1.6999999999999999556 2.3300000000000000711 4.5599999999999996092 9999 9999 2.6400000000000001243 5.7000000000000001776 5.7000000000000001776 6.8099999999999996092 6.6900000000000003908 6.2400000000000002132 5.9900000000000002132 5.7999999999999998224 6.6799999999999997158 5.5199999999999995737 9999 9999 9999 9999 9999
-9 -9.4800000000000004263 -9.3000000000000007105 -8.9800000000000004263 -8.3800000000000007816 -7.8099999999999996092 -7.4800000000000004263 -7.0099999999999997868 -6.2900000000000000355 -5.3499999999999996447 -4.1799999999999997158 -3.1299999999999998934 -2.0800000000000000711 -1.1100000000000000977 -0.54000000000000003553 -0.10000000000000000555 0.33000000000000001554 0.70999999999999996447 0.79000000000000003553 0.68000000000000004885 0.56999999999999995115 0.46999999999999997335 -0.17000000000000001221 -1.5300000000000000266 -2.8599999999999998757 -3.0200000000000000178 -3.1400000000000001243 -2.3799999999999998934 -1.0300000000000000266 -2.2200000000000001954 2.2900000000000000355 9999 9999 9999 9999 5.9699999999999997513 5.8799999999999998934 6.9199999999999999289 6.4100000000000001421 6.2099999999999999645 5.5300000000000002487 7.0199999999999995737 7.1699999999999999289 4.2900000000000000355 9999 9999 9999 9999 9999
-9.6899999999999995026 -10.210000000000000853 -10.119999999999999218 -10.029999999999999361 -9.8599999999999994316 -9.8800000000000007816 -9.3000000000000007105 -8.1400000000000005684 -6.7099999999999999645 -5.1200000000000001066 -3.5600000000000000533 -2.1899999999999999467 -1.0700000000000000622 -0.11999999999999999556 0.58999999999999996891 1.1699999999999999289 1.6200000000000001066 1.8500000000000000888 1.9599999999999999645 2.0200000000000000178 1.9899999999999999911 1.7800000000000000266 0.92000000000000003997 -0.070000000000000006661 -0.91000000000000003109 -0.94999999999999995559 -0.36999999999999999556 0.32000000000000000666 0.2000000000000000111 -1.1200000000000001066 2.3100000000000000533 9999 9999 9999 9999 5.2000000000000001776 6.3799999999999998934 6.7199999999999997513 6.4699999999999997513 5.1399999999999996803 5.0300000000000002487 7.2099999999999999645 5.8300000000000000711 9999 9999 9999 9999 9999 9999
-9.9900000000000002132 -10.769999999999999574 -11.179999999999999716 -11.699999999999999289 -11.990000000000000213 -11.939999999999999503 -10.689999999999999503 -9.0899999999999998579 -7.0400000000000000355 -4.9299999999999997158 -3.0400000000000000355 -1.5100000000000000089 -0.38000000000000000444 0.69999999999999995559 1.7600000000000000089 2.6299999999999998934 3.1299999999999998934 3.3500000000000000888 3.4700000000000001954 3.5099999999999997868 3.3900000000000001243 3.2299999999999999822 2.7700000000000000178 2.1899999999999999467 1.7199999999999999734 1.5900000000000000799 1.6699999999999999289 1.5500000000000000444 1.0700000000000000622 0.93999999999999994671 9999 9999 9999 9999 9999 4.6900000000000003908 6.0899999999999998579 6.75 5.8600000000000003197 4.1399999999999996803 4.6399999999999996803 5.5400000000000000355 3.9199999999999999289 9999 9999 9999 9999 9999 9999
-10.089999999999999858 -11.029999999999999361 -12.259999999999999787 -13.289999999999999147 -13.619999999999999218 -13.359999999999999432 -11.289999999999999147 -8.2599999999999997868 -5.7599999999999997868 -3.1299999999999998934 -0.46999999999999997335 1.2600000000000000089 2.1899999999999999467 2.7900000000000000355 3.1099999999999998757 3.4100000000000001421 3.9199999999999999289 4.4400000000000003908 4.7599999999999997868 4.8300000000000000711 4.8399999999999998579 4.8200000000000002842 4.5300000000000002487 4.1200000000000001066 3.6099999999999998757 3.1600000000000001421 2.8799999999999998934 2.7200000000000001954 2.4199999999999999289 9999 9999 9999 9999 9999 9999 9999 5.4000000000000003553 5.6399999999999996803 4.6500000000000003553 4.2599999999999997868 4.3899999999999996803 3.0200000000000000178 1.5400000000000000355 9999 9999 9999 9999 9999 9999
-9.9199999999999999289 -10.439999999999999503 -12.289999999999999147 -14.140000000000000568 -14.380000000000000782 -13.740000000000000213 -10.009999999999999787 -8.5 -5.9299999999999997158 -1.5100000000000000089 2.4700000000000001954 4.6200000000000001066 5.0800000000000000711 4.8200000000000002842 4.75 5.4000000000000003553 5.5099999999999997868 5.3399999999999998579 5.4599999999999999645 5.5899999999999998579 5.6900000000000003908 6.0499999999999998224 6.0599999999999996092 5.7000000000000001776 5.2599999999999997868 4.75 4.2900000000000000355 3.9799999999999999822 3.5899999999999998579 9999 9999 9999 9999 9999 9999 9999 9999 3.5400000000000000355 4.7099999999999999645 4.0400000000000000355 9999 9999 9999 9999 9999 9999 9999 9999 9999
-9.8300000000000000711 -10.580000000000000071 -11.900000000000000355 -13.449999999999999289 -13.910000000000000142 -12.269999999999999574 -10.560000000000000497 -12.140000000000000568 -7.2599999999999997868 1.0700000000000000622 7.2099999999999999645 8.4000000000000003553 7.4800000000000004263 6.1299999999999998934 4.5599999999999996092 4.1500000000000003553 5.3399999999999998579 7.1900000000000003908 7.3700000000000001066 6.9599999999999999645 7.0700000000000002842 7.5199999999999995737 7.5099999999999997868 6.8399999999999998579 6.2900000000000000355 5.9500000000000001776 5.3099999999999996092 4.5 9999 9999 5.1100000000000003197 4.8600000000000003197 4.6200000000000001066 9999 9999 9999 9999 9999 4.6500000000000003553 2.8900000000000001243 9999 9999 9999 9999 9999 9999 9999 9999 9999
